0.00259476
0.00776008
0.0100093
0.0106327
0.0147549
0.0165872
0.0219294
0.0232225
0.025573
0.0263365
0.0301933
0.0321267
0.0333217
0.03348
0.0356774
0.0394174
0.039864
0.0407746
0.0414482
0.0440115
0.0446898
0.0463485
0.0493596
0.0494331
0.050093
0.050222
0.0507008
0.0516316
0.0522211
0.0528562
0.0529297
0.053259
0.0578923
0.0610173
0.0612193
0.0710008
0.0762236
0.0767254
0.0776214
0.0782482
0.0792686
0.0795515
0.081722
0.0868568
0.088903
0.0889792
0.0893064
0.0902395
0.0916767
0.0991593
0.10049
0.100876
0.101689
0.102228
0.102437
0.10257
0.103505
0.105329
0.106005
0.106016
0.106572
0.106698
0.107591
0.108259
0.109489
0.113274
0.114245
0.114841
0.115288
0.115483
0.115647
0.116413
0.11652
0.117633
0.118661
0.121689
0.121921
0.125049
0.125234
0.125838
0.127164
0.127239
0.127837
0.128804
0.129471
0.13436
0.136313
0.140609
0.141646
0.143022
0.148654
0.148759
0.149927
0.150373
0.152247
0.152447
0.154125
0.155587
0.158962
0.1611
0.164471
0.165119
0.165551
0.166879
0.167383
0.167979
0.17015
0.17485
0.174982
0.175897
0.17604
0.177376
0.17761
0.179529
0.179559
0.179767
0.183303
0.183419
0.183532
0.183711
0.186617
0.188362
0.189611
0.190029
0.191159
0.191859
0.192641
0.193757
0.194525
0.195007
0.198732
0.20147
0.203203
0.205255
0.209038
0.209184
0.210083
0.211115
0.211459
0.212891
0.213206
0.213942
0.217046
0.219136
0.219225
0.219589
0.220958
0.222175
0.22228
0.224101
0.225268
0.226961
0.227302
0.22845
0.228637
0.229385
0.229885
0.230613
0.233081
0.234386
0.234616
0.235822
0.235932
0.237012
0.243108
0.243464
0.244928
0.246728
0.248256
0.248821
0.248828
0.250025
0.25219
0.25427
0.258776
0.258856
0.260037
0.260844
0.261155
0.262169
0.265339
0.267809
0.269849
0.270353
0.271059
0.27137
0.272264
0.273567
0.27442
0.274862
0.275447
0.276883
0.278431
0.278608
0.279055
0.280756
0.281993
0.282328
0.282969
0.283361
0.283438
0.283789
0.283887
0.284298
0.285713
0.285834
0.287564
0.288772
0.289562
0.289593
0.289767
0.290341
0.291965
0.292741
0.294058
0.294126
0.2947
0.294753
0.295256
0.295657
0.296179
0.296718
0.29719
0.297815
0.297879
0.298417
0.298572
0.298806
0.300989
0.300997
0.301379
0.30155
0.301555
0.304221
0.304286
0.305402
0.30569
0.308143
0.308324
0.309034
0.309149
0.309169
0.310172
0.310936
0.311367
0.311371
0.311438
0.31171
0.313871
0.314331
0.316867
0.318474
0.319021
0.319243
0.320346
0.320364
0.321193
0.32176
0.322148
0.322469
0.322942
0.325435
0.325778
0.326713
0.326988
0.327165
0.32763
0.329402
0.329456
0.330878
0.330968
0.331076
0.331723
0.332147
0.332241
0.333142
0.334924
0.335239
0.335566
0.335814
0.33704
0.337196
0.337247
0.337466
0.337826
0.338576
0.339278
0.339986
0.340328
0.340869
0.34121
0.341254
0.342059
0.342355
0.342413
0.342808
0.34283
0.342948
0.343064
0.343378
0.344488
0.344947
0.345105
0.34654
0.348121
0.348953
0.351486
0.351512
0.351518
0.351864
0.352596
0.35275
0.352972
0.353269
0.353422
0.353679
0.355158
0.355485
0.35563
0.356089
0.356586
0.356652
0.356903
0.356972
0.359158
0.359831
0.360059
0.360193
0.360526
0.361203
0.361297
0.362219
0.362299
0.362673
0.362735
0.363015
0.363176
0.363286
0.363402
0.363603
0.363867
0.364006
0.364041
0.364128
0.364224
0.364839
0.364986
0.365323
0.365972
0.366852
0.367917
0.36843
0.36918
0.369481
0.370227
0.37062
0.370715
0.371538
0.371787
0.371848
0.371931
0.372126
0.37234
0.373252
0.373387
0.373847
0.374114
0.374943
0.375017
0.375221
0.375841
0.37618
0.376202
0.376241
0.377219
0.377228
0.377475
0.378753
0.37892
0.37898
0.379098
0.379717
0.380179
0.380357
0.380879
0.381077
0.381485
0.381919
0.382008
0.382379
0.382431
0.382516
0.382681
0.382876
0.382964
0.383415
0.383659
0.383874
0.383986
0.384489
0.38461
0.385292
0.385302
0.385407
0.385422
0.385588
0.385912
0.385947
0.385987
0.386318
0.386349
0.38721
0.387288
0.387464
0.388109
0.388611
0.389866
0.390045
0.390493
0.390654
0.390704
0.390711
0.390821
0.390867
0.39116
0.391236
0.391866
0.391895
0.392055
0.392147
0.392321
0.392479
0.392517
0.392585
0.392722
0.392898
0.392989
0.393042
0.393151
0.393695
0.3937
0.393782
0.39382
0.394026
0.394168
0.394397
0.394568
0.394735
0.394743
0.394869
0.39491
0.39494
0.394958
0.395235
0.395267
0.39535
0.395539
0.395602
0.395761
0.396094
0.396237
0.396435
0.396438
0.396447
0.396518
0.396779
0.396816
0.396878
0.396885
0.397069
0.397488
0.397765
0.397771
0.398169
0.398234
0.39824
0.398252
0.398309
0.398338
0.398394
0.398453
0.398466
0.398501
0.398525
0.398528
0.398619
0.398626
0.398704
0.398817
0.398817
0.39883
0.398839
0.398839
0.398839
0.398837
0.398836
0.398826
0.398825
0.39881
0.398807
0.398791
0.398785
0.398747
0.398691
0.398669
0.398659
0.398627
0.398614
0.398586
0.398479
0.398457
0.398439
0.398437
0.398403
0.398258
0.398241
0.398143
0.398014
0.397992
0.397969
0.397931
0.397817
0.397779
0.39771
0.397679
0.397396
0.397382
0.397157
0.397126
0.397064
0.397056
0.396906
0.396871
0.396746
0.396322
0.396227
0.396134
0.396124
0.395808
0.395623
0.395037
0.394988
0.39484
0.394218
0.394146
0.393884
0.393576
0.393419
0.393
0.392971
0.392604
0.392592
0.392558
0.392479
0.392231
0.39209
0.391597
0.391575
0.391501
0.391439
0.391317
0.391032
0.390934
0.390834
0.390666
0.390655
0.390491
0.39022
0.390075
0.389875
0.389731
0.389444
0.389188
0.38914
0.388877
0.388844
0.388717
0.388515
0.388468
0.387903
0.387802
0.387744
0.387664
0.3876
0.387189
0.387032
0.387019
0.386999
0.38677
0.3867
0.386591
0.386521
0.386498
0.386344
0.386048
0.386038
0.385773
0.385207
0.384926
0.384641
0.384372
0.384083
0.383997
0.383457
0.383407
0.382908
0.382435
0.381821
0.381513
0.381005
0.379558
0.37942
0.379256
0.379246
0.379145
0.378703
0.377848
0.37756
0.377316
0.376587
0.376439
0.376274
0.375675
0.375387
0.375087
0.374978
0.374821
0.37477
0.374272
0.373737
0.373568
0.373515
0.37314
0.372247
0.372095
0.372021
0.371147
0.370961
0.370622
0.370561
0.370055
0.369795
0.369222
0.369209
0.36906
0.367535
0.36723
0.366994
0.366838
0.365666
0.365504
0.365343
0.365065
0.364695
0.364171
0.363498
0.363314
0.363135
0.362328
0.361615
0.360768
0.360233
0.360228
0.360003
0.359415
0.359059
0.358855
0.358749
0.357766
0.35664
0.356294
0.356257
0.356079
0.356062
0.355829
0.355389
0.355387
0.35348
0.353216
0.352982
0.351525
0.351036
0.350903
0.350689
0.350606
0.35028
0.349768
0.348922
0.348374
0.348245
0.348237
0.347231
0.346684
0.346543
0.346179
0.345759
0.345735
0.344771
0.344649
0.344502
0.344165
0.343567
0.343464
0.342445
0.341849
0.340705
0.340315
0.339302
0.338582
0.337853
0.337836
0.337114
0.336595
0.335162
0.334798
0.334467
0.333625
0.333455
0.330672
0.330529
0.330292
0.330159
0.329662
0.329016
0.328796
0.328744
0.328405
0.328237
0.327902
0.32779
0.327748
0.327509
0.327141
0.326617
0.326482
0.326221
0.324546
0.323968
0.323169
0.322919
0.322768
0.320852
0.320836
0.320269
0.320162
0.316749
0.316603
0.315985
0.31552
0.315192
0.314867
0.31448
0.312499
0.312353
0.312353
0.310396
0.310335
0.310162
0.309499
0.308468
0.307086
0.306642
0.303861
0.303736
0.302776
0.302764
0.302116
0.301964
0.301347
0.300636
0.300434
0.300323
0.299539
0.299374
0.299321
0.298965
0.298604
0.297814
0.29723
0.297058
0.297034
0.295273
0.295043
0.29486
0.294582
0.294499
0.293555
0.292938
0.291753
0.291567
0.291448
0.290259
0.289057
0.288774
0.28849
0.288114
0.287639
0.287379
0.287129
0.286984
0.286801
0.286627
0.285557
0.283972
0.283964
0.283283
0.283197
0.28294
0.282118
0.281828
0.27991
0.27951
0.27704
0.274737
0.274358
0.273818
0.273062
0.270932
0.270426
0.26843
0.267742
0.2658
0.265429
0.265178
0.264272
0.263776
0.263591
0.26352
0.262708
0.261842
0.261782
0.261602
0.261516
0.26035
0.260154
0.260078
0.25922
0.257692
0.25447
0.252712
0.25233
0.251468
0.251379
0.251189
0.251095
0.251003
0.25017
0.248169
0.246062
0.244917
0.244266
0.241937
0.240081
0.238607
0.237982
0.237751
0.237172
0.236628
0.23356
0.229968
0.229796
0.228587
0.225601
0.225142
0.224207
0.222991
0.221848
0.220671
0.2188
0.217887
0.21562
0.215547
0.214101
0.212927
0.212815
0.212763
0.212027
0.212027
0.210222
0.207797
0.207539
0.203936
0.203364
0.203303
0.201304
0.19971
0.199511
0.199382
0.198865
0.197276
0.194898
0.192323
0.185872
0.184974
0.184828
0.184691
0.184175
0.1827
0.18144
0.179899
0.178392
0.174655
0.174498
0.172174
0.170638
0.168826
0.167855
0.167722
0.16481
0.160646
0.16041
0.153947
0.152758
0.151674
0.150604
0.150267
0.147818
0.147802
0.147754
0.146341
0.14555
0.144201
0.143781
0.141904
0.13973
0.139492
0.13942
0.138161
0.137781
0.13762
0.136701
0.13393
0.133114
0.130384
0.123451
0.12283
0.120627
0.120536
0.119923
0.119537
0.116327
0.114991
0.113426
0.11301
0.11136
0.109894
0.108208
0.105179
0.104463
0.100667
0.100298
0.0988275
0.0931305
0.0928379
0.092225
0.0922093
0.0884255
0.0880125
0.0845545
0.0821397
0.0815233
0.081431
0.0788721
0.0760954
0.0747389
0.0747348
0.0743049
0.0740818
0.070947
0.0680226
0.064148
0.0544933
0.0515834
0.0497424
0.0487187
0.0483185
0.0470637
0.044695
0.0436878
0.0415722
0.0414097
0.0387754
0.0386532
0.0383767
0.0345724
0.0337367
0.0326377
0.0315979
0.0279519
0.0261659
0.0243054
0.0240127
0.0221097
0.0220214
0.0206833
0.0178415
0.0146477
0.0121159
0.010524
0.00894103
