-3.17836
-2.80698
-2.71479
-2.69244
-2.56787
-2.52188
-2.40862
-2.38472
-2.34394
-2.33135
-2.27198
-2.24449
-2.22816
-2.22603
-2.19729
-2.15144
-2.1462
-2.13565
-2.12797
-2.09958
-2.09228
-2.07479
-2.04423
-2.0435
-2.037
-2.03574
-2.03107
-2.02209
-2.01647
-2.01047
-2.00977
-2.00669
-1.96468
-1.93773
-1.93603
-1.85789
-1.81928
-1.81567
-1.80926
-1.80481
-1.79762
-1.79564
-1.78058
-1.74602
-1.73264
-1.73214
-1.73002
-1.724
-1.71481
-1.66843
-1.66042
-1.65812
-1.65326
-1.65006
-1.64883
-1.64804
-1.64252
-1.63185
-1.62793
-1.62786
-1.62465
-1.62392
-1.61878
-1.61495
-1.60794
-1.58666
-1.58128
-1.57798
-1.57552
-1.57444
-1.57355
-1.56934
-1.56875
-1.56269
-1.55711
-1.54084
-1.5396
-1.52306
-1.52209
-1.51893
-1.51201
-1.51162
-1.50851
-1.50351
-1.50007
-1.47515
-1.46534
-1.44401
-1.43891
-1.43218
-1.40495
-1.40445
-1.39887
-1.39674
-1.38784
-1.3869
-1.37898
-1.37212
-1.35639
-1.3465
-1.33104
-1.32808
-1.32611
-1.32007
-1.31779
-1.31508
-1.30528
-1.28424
-1.28365
-1.27958
-1.27895
-1.27302
-1.27198
-1.26351
-1.26338
-1.26246
-1.24693
-1.24643
-1.24593
-1.24515
-1.23248
-1.22491
-1.2195
-1.21769
-1.21281
-1.2098
-1.20643
-1.20163
-1.19833
-1.19627
-1.18034
-1.16869
-1.16134
-1.15266
-1.1367
-1.13609
-1.13231
-1.12797
-1.12653
-1.12052
-1.1192
-1.11612
-1.10313
-1.09441
-1.09404
-1.09252
-1.08682
-1.08176
-1.08132
-1.07375
-1.0689
-1.06187
-1.06046
-1.0557
-1.05492
-1.05182
-1.04975
-1.04673
-1.03651
-1.03111
-1.03016
-1.02517
-1.02471
-1.02025
-0.995044
-0.993572
-0.987519
-0.980076
-0.973755
-0.971422
-0.97139
-0.966439
-0.957474
-0.948859
-0.930161
-0.929826
-0.924919
-0.921565
-0.92027
-0.916047
-0.902833
-0.89251
-0.883967
-0.881852
-0.878891
-0.877586
-0.87383
-0.868351
-0.864758
-0.862896
-0.860428
-0.854363
-0.847812
-0.847062
-0.845164
-0.837944
-0.832681
-0.831253
-0.828523
-0.826848
-0.826522
-0.825023
-0.824604
-0.822849
-0.81679
-0.816272
-0.808847
-0.803646
-0.80024
-0.800105
-0.799355
-0.796878
-0.789845
-0.786479
-0.780747
-0.780453
-0.777952
-0.77772
-0.775527
-0.773773
-0.771491
-0.769131
-0.767059
-0.764316
-0.764036
-0.761669
-0.760988
-0.759957
-0.750316
-0.750282
-0.748589
-0.74783
-0.747808
-0.735944
-0.735653
-0.730662
-0.729372
-0.718327
-0.71751
-0.7143
-0.713778
-0.713686
-0.709134
-0.705657
-0.70369
-0.703672
-0.703366
-0.702123
-0.692212
-0.690095
-0.678352
-0.67085
-0.668291
-0.667248
-0.66206
-0.661975
-0.658058
-0.655371
-0.653529
-0.652006
-0.649751
-0.637808
-0.636153
-0.631631
-0.630299
-0.62944
-0.627178
-0.618521
-0.618256
-0.61125
-0.610802
-0.610268
-0.607059
-0.604955
-0.604486
-0.59999
-0.591032
-0.589438
-0.587783
-0.586524
-0.580276
-0.57948
-0.579215
-0.578097
-0.576247
-0.572389
-0.568757
-0.56508
-0.563299
-0.560471
-0.558686
-0.558454
-0.554215
-0.552654
-0.552348
-0.550257
-0.550142
-0.549513
-0.5489
-0.547229
-0.5413
-0.538835
-0.537985
-0.530214
-0.521558
-0.516963
-0.502776
-0.502631
-0.502595
-0.500636
-0.496468
-0.495584
-0.494312
-0.49261
-0.491728
-0.490252
-0.481661
-0.479749
-0.478898
-0.476196
-0.473257
-0.472868
-0.471374
-0.470969
-0.45782
-0.453711
-0.452315
-0.451488
-0.449442
-0.445243
-0.444664
-0.438892
-0.43839
-0.436028
-0.435633
-0.433863
-0.432836
-0.432137
-0.4314
-0.430117
-0.428425
-0.427533
-0.42731
-0.426749
-0.426132
-0.42215
-0.421196
-0.418996
-0.414743
-0.408911
-0.40176
-0.398274
-0.393139
-0.39106
-0.385862
-0.383104
-0.382436
-0.376593
-0.374811
-0.37437
-0.373772
-0.372368
-0.370824
-0.364164
-0.363171
-0.359763
-0.357778
-0.351534
-0.350974
-0.349421
-0.344665
-0.342033
-0.341864
-0.341563
-0.333876
-0.333802
-0.331839
-0.321493
-0.320117
-0.319617
-0.318646
-0.313484
-0.309584
-0.308062
-0.303579
-0.301865
-0.298298
-0.29446
-0.293667
-0.290344
-0.289879
-0.289107
-0.287609
-0.285833
-0.285029
-0.280871
-0.278596
-0.276577
-0.275523
-0.270724
-0.269559
-0.262906
-0.262812
-0.261767
-0.261626
-0.259967
-0.256724
-0.256365
-0.255965
-0.252586
-0.252271
-0.243286
-0.24246
-0.240576
-0.233558
-0.227957
-0.213347
-0.211186
-0.205681
-0.203664
-0.203042
-0.202941
-0.201551
-0.200972
-0.19721
-0.196218
-0.187835
-0.18745
-0.185259
-0.183983
-0.181555
-0.179321
-0.178793
-0.177812
-0.175838
-0.173276
-0.171936
-0.171146
-0.169518
-0.161159
-0.161072
-0.159776
-0.15918
-0.155848
-0.153528
-0.149696
-0.146763
-0.143865
-0.14371
-0.14147
-0.140745
-0.140199
-0.139871
-0.134763
-0.134164
-0.13259
-0.128943
-0.127694
-0.12451
-0.117553
-0.11445
-0.110002
-0.10994
-0.109731
-0.108082
-0.101811
-0.100883
-0.0993334
-0.0991545
-0.094366
-0.0824365
-0.073477
-0.073278
-0.0580515
-0.0551918
-0.0548982
-0.0543383
-0.0516613
-0.0502363
-0.0473545
-0.0440843
-0.0433836
-0.041305
-0.0397684
-0.0395734
-0.033357
-0.0328434
-0.0261951
-0.0109841
-0.0109837
-0.00742763
-0.00324956
-0.00319769
0.00308428
0.00427283
0.00491524
0.00854658
0.00888678
0.0124077
0.0129505
0.0157358
0.0166734
0.0216911
0.0274398
0.0293061
0.0301752
0.0327238
0.0337553
0.0357461
0.0425678
0.0438462
0.0448742
0.0450172
0.0468368
0.0540506
0.0548782
0.0591875
0.0644021
0.0652745
0.0661419
0.0675761
0.0716923
0.0730192
0.075342
0.0763706
0.0851817
0.0856151
0.0919768
0.0928183
0.0944911
0.0947061
0.0986077
0.0995107
0.102634
0.11257
0.114676
0.116706
0.116916
0.123552
0.12728
0.138444
0.139338
0.14199
0.152703
0.153883
0.158151
0.163019
0.165454
0.171769
0.172205
0.17754
0.17771
0.178197
0.179322
0.182823
0.184777
0.191464
0.19175
0.192733
0.193553
0.195161
0.198861
0.200117
0.201394
0.203512
0.203647
0.205705
0.209047
0.210817
0.213242
0.214967
0.218371
0.221357
0.22191
0.224936
0.225314
0.226762
0.229043
0.229576
0.23583
0.236932
0.237561
0.23842
0.239115
0.243512
0.245167
0.24531
0.245521
0.247918
0.248651
0.249776
0.250504
0.25074
0.252322
0.255341
0.255442
0.258124
0.263749
0.266502
0.269265
0.271848
0.274605
0.275421
0.28048
0.280941
0.285547
0.289841
0.295332
0.298051
0.302486
0.314812
0.315965
0.317332
0.317415
0.318255
0.321902
0.32885
0.331157
0.333102
0.338863
0.340014
0.341301
0.345941
0.348154
0.35044
0.351268
0.352458
0.352842
0.356591
0.360579
0.361838
0.362225
0.364987
0.371492
0.372594
0.373127
0.379379
0.380696
0.38309
0.383519
0.38707
0.388878
0.392849
0.392938
0.393962
0.404338
0.406385
0.40796
0.409001
0.416754
0.417815
0.418871
0.420683
0.423083
0.426468
0.430783
0.431963
0.433096
0.438207
0.44268
0.447947
0.451242
0.451278
0.452659
0.456256
0.458421
0.459659
0.460302
0.466223
0.472939
0.474988
0.475205
0.476255
0.476354
0.477726
0.48031
0.480321
0.491397
0.492916
0.494258
0.502555
0.505317
0.506068
0.507271
0.507738
0.509564
0.512431
0.517132
0.520165
0.520874
0.52092
0.526442
0.529429
0.530196
0.532179
0.534454
0.534583
0.539782
0.540438
0.541225
0.543032
0.546222
0.546774
0.55218
0.555325
0.561329
0.563365
0.568632
0.572353
0.576108
0.576199
0.579899
0.582548
0.589826
0.591665
0.593335
0.59757
0.59842
0.612265
0.612973
0.614143
0.614798
0.61724
0.620412
0.621492
0.621746
0.623402
0.624221
0.625855
0.626402
0.626603
0.627768
0.629558
0.632098
0.632749
0.634015
0.642082
0.644851
0.648672
0.649864
0.650582
0.65967
0.659747
0.66242
0.662926
0.678901
0.679578
0.682446
0.684603
0.686121
0.687624
0.689409
0.698516
0.699181
0.699183
0.708115
0.708394
0.709181
0.71219
0.716859
0.723095
0.725093
0.737554
0.738109
0.742385
0.74244
0.745318
0.745994
0.74873
0.751882
0.752774
0.753265
0.756728
0.757452
0.757689
0.759258
0.760845
0.764321
0.766883
0.767639
0.767742
0.775452
0.776453
0.777254
0.778466
0.778827
0.782941
0.785621
0.790763
0.791569
0.792088
0.797232
0.802419
0.803641
0.804864
0.806481
0.808526
0.809642
0.810716
0.81134
0.812127
0.812873
0.817461
0.82424
0.824273
0.827184
0.827548
0.828646
0.83215
0.833386
0.84154
0.843237
0.853697
0.863423
0.865017
0.867294
0.870477
0.879423
0.881547
0.889914
0.89279
0.900908
0.902458
0.903506
0.907286
0.909352
0.910123
0.910421
0.913803
0.917408
0.917658
0.918407
0.918765
0.923618
0.924434
0.924748
0.928316
0.934664
0.948027
0.955312
0.956893
0.960466
0.960832
0.96162
0.962009
0.962391
0.965836
0.974118
0.982833
0.987567
0.990259
0.999884
1.00756
1.01365
1.01623
1.01719
1.01958
1.02184
1.03453
1.0494
1.05011
1.05512
1.06751
1.06942
1.0733
1.07836
1.08311
1.08802
1.09582
1.09962
1.10909
1.1094
1.11545
1.12037
1.12084
1.12106
1.12414
1.12414
1.13172
1.14193
1.14302
1.15824
1.16066
1.16092
1.1694
1.17618
1.17703
1.17757
1.17978
1.18656
1.19674
1.2078
1.23572
1.23963
1.24027
1.24087
1.24312
1.24957
1.2551
1.26188
1.26853
1.28511
1.28581
1.29619
1.30309
1.31125
1.31565
1.31625
1.32949
1.3486
1.34969
1.37982
1.38543
1.39056
1.39564
1.39724
1.40896
1.40903
1.40926
1.41607
1.41989
1.42643
1.42848
1.43764
1.44834
1.44952
1.44988
1.45612
1.45801
1.45881
1.4634
1.47733
1.48145
1.49538
1.53148
1.53477
1.54652
1.547
1.5503
1.55238
1.56981
1.57715
1.58582
1.58813
1.59737
1.60565
1.61524
1.63273
1.63691
1.65937
1.66157
1.67044
1.70561
1.70746
1.71133
1.71143
1.73574
1.73844
1.76134
1.77772
1.78195
1.78259
1.80041
1.82021
1.83006
1.83009
1.83324
1.83488
1.85829
1.88081
1.91174
1.99524
2.02255
2.04044
2.05061
2.05463
2.06739
2.09222
2.10309
2.12656
2.1284
2.15906
2.16052
2.16384
2.21156
2.2226
2.23745
2.25188
2.30568
2.33414
2.36553
2.37064
2.40522
2.40688
2.43279
2.4928
2.57071
2.6435
2.69626
2.75605
